0 0
0.0942478 0.000159591
0.188496 0.000169098
0.282743 0.000126729
0.376991 7.70257e-05
0.471239 3.70737e-05
0.565487 1.07058e-05
0.659734 3.71108e-06
0.753982 9.503e-06
0.84823 1.00124e-05
0.942478 8.00278e-06
1.03673 5.12324e-06
1.13097 2.5322e-06
1.22522 4.98926e-07
1.31947 6.26114e-07
1.41372 1.23907e-06
1.50796 1.25595e-06
1.60221 1.03501e-06
1.69646 6.64358e-07
1.79071 1.92504e-07
1.88496 1.18094e-10
1.9792 1.64924e-07
2.07345 3.88132e-07
2.1677 3.21822e-07
2.26195 3.23682e-07
2.35619 3.01e-07
2.45044 9.56376e-08
2.54469 1.64007e-08
2.63894 1.24661e-08
2.73319 1.32014e-08
2.82743 6.76231e-09
2.92168 7.98101e-09
3.01593 8.23789e-08
3.11018 1.06259e-07
3.20442 1.50123e-07
3.29867 2.16214e-07
3.39292 2.28824e-07
3.48717 2.42214e-07
3.58142 2.79848e-07
3.67566 2.23515e-07
3.76991 1.45525e-07
3.86416 1.48278e-07
3.95841 2.73781e-07
4.05265 1.28182e-08
4.1469 8.71336e-08
4.24115 3.06819e-08
4.3354 1.81751e-08
4.42965 1.72528e-07
4.52389 1.59908e-07
4.61814 2.44391e-07
4.71239 1.28244e-07
4.80664 9.92085e-08
4.90088 1.71918e-07
4.99513 1.16313e-07
5.08938 6.94215e-08
5.18363 1.85098e-08
5.27788 1.86128e-08
5.37212 6.67206e-09
5.46637 6.73064e-09
5.56062 2.85732e-08
5.65487 1.17132e-07
5.74911 3.36042e-08
5.84336 3.1368e-09
5.93761 9.3313e-08
6.03186 1.74447e-07
6.12611 2.60326e-07
6.22035 3.13992e-07
6.3146 3.56519e-07
6.40885 3.91046e-07
6.5031 4.01215e-07
6.59734 3.47807e-07
6.69159 2.35454e-07
6.78584 1.56188e-07
6.88009 5.94463e-08
6.97434 1.82527e-07
7.06858 7.01237e-08
7.16283 2.41394e-07
7.25708 1.84916e-07
7.35133 3.33734e-07
7.44557 9.81757e-08
7.53982 1.62424e-07
7.63407 6.96529e-07
7.72832 8.72449e-07
7.82257 9.91544e-07
7.91681 8.18821e-07
8.01106 6.35334e-07
8.10531 6.25231e-08
8.19956 8.28429e-07
8.2938 1.8683e-06
8.38805 3.1745e-06
8.4823 4.1519e-06
8.57655 4.74752e-06
8.6708 3.92276e-06
8.76504 1.09008e-06
8.85929 4.28976e-06
8.95354 1.27228e-05
9.04779 2.33325e-05
9.14203 3.43348e-05
9.23628 4.10944e-05
9.33053 3.47558e-05
9.42478 5.59225e-08
