0 0.000000e+00
4.000000e-03 -1.805138e-07
8.000000e-03 -3.421158e-07
1.200000e-02 -4.861170e-07
1.600000e-02 -6.137558e-07
2.000000e-02 -7.262017e-07
2.400000e-02 -8.245585e-07
2.800000e-02 -9.098672e-07
3.200000e-02 -9.831092e-07
3.600000e-02 -1.045209e-06
4.000000e-02 -1.097039e-06
4.400000e-02 -1.139416e-06
4.800000e-02 -1.173113e-06
5.200000e-02 -1.198852e-06
5.600000e-02 -1.217315e-06
6.000000e-02 -1.229139e-06
6.400000e-02 -1.234923e-06
6.800000e-02 -1.235227e-06
7.200000e-02 -1.230577e-06
7.600000e-02 -1.221463e-06
8.000000e-02 -1.208343e-06
8.400000e-02 -1.191647e-06
8.800000e-02 -1.171773e-06
9.200000e-02 -1.149093e-06
9.600000e-02 -1.123953e-06
1.000000e-01 -1.096674e-06
1.040000e-01 -1.067555e-06
1.080000e-01 -1.036873e-06
1.120000e-01 -1.004882e-06
1.160000e-01 -9.718190e-07
1.200000e-01 -9.379019e-07
1.240000e-01 -9.033311e-07
1.280000e-01 -8.682909e-07
1.320000e-01 -8.329495e-07
1.360000e-01 -7.974617e-07
1.400000e-01 -7.619679e-07
1.440000e-01 -7.265958e-07
1.480000e-01 -6.914614e-07
1.520000e-01 -6.566692e-07
1.560000e-01 -6.223135e-07
1.600000e-01 -5.884781e-07
1.640000e-01 -5.552381e-07
1.680000e-01 -5.226598e-07
1.720000e-01 -4.908014e-07
1.760000e-01 -4.597137e-07
1.800000e-01 -4.294403e-07
1.840000e-01 -4.000187e-07
1.880000e-01 -3.714800e-07
1.920000e-01 -3.438497e-07
1.960000e-01 -3.171485e-07
2.000000e-01 -2.913919e-07
2.040000e-01 -2.665912e-07
2.080000e-01 -2.427536e-07
2.120000e-01 -2.198825e-07
2.160000e-01 -1.979780e-07
2.200000e-01 -1.770371e-07
2.240000e-01 -1.570537e-07
2.280000e-01 -1.380195e-07
2.320000e-01 -1.199235e-07
2.360000e-01 -1.027528e-07
2.400000e-01 -8.649266e-08
2.440000e-01 -7.112644e-08
2.480000e-01 -5.663617e-08
2.520000e-01 -4.300252e-08
2.560000e-01 -3.020500e-08
2.600000e-01 -1.822212e-08
2.640000e-01 -7.031552e-09
2.680000e-01 3.389735e-09
2.720000e-01 1.306538e-08
2.760000e-01 2.201947e-08
2.800000e-01 3.027648e-08
2.840000e-01 3.786113e-08
2.880000e-01 4.479831e-08
2.920000e-01 5.111299e-08
2.960000e-01 5.683015e-08
3.000000e-01 6.197468e-08
3.040000e-01 6.657137e-08
3.080000e-01 7.064477e-08
3.120000e-01 7.421922e-08
3.160000e-01 7.731873e-08
3.200000e-01 7.996698e-08
3.240000e-01 8.218723e-08
3.280000e-01 8.400235e-08
3.320000e-01 8.543473e-08
3.360000e-01 8.650629e-08
3.400000e-01 8.723842e-08
3.440000e-01 8.765200e-08
3.480000e-01 8.776733e-08
3.520000e-01 8.760418e-08
3.560000e-01 8.718168e-08
3.600000e-01 8.651842e-08
3.640000e-01 8.563238e-08
3.680000e-01 8.454092e-08
3.720000e-01 8.326080e-08
3.760000e-01 8.180814e-08
3.800000e-01 8.019851e-08
3.840000e-01 7.844681e-08
3.880000e-01 7.656736e-08
3.920000e-01 7.457386e-08
3.960000e-01 7.247941e-08
4.000000e-01 7.029657e-08
4.040000e-01 6.803722e-08
4.080000e-01 6.571272e-08
4.120000e-01 6.333390e-08
4.160000e-01 6.091095e-08
4.200000e-01 5.845357e-08
4.240000e-01 5.597092e-08
4.280000e-01 5.347162e-08
4.320000e-01 5.096378e-08
4.360000e-01 4.845504e-08
4.400000e-01 4.595252e-08
4.440000e-01 4.346290e-08
4.480000e-01 4.099238e-08
4.520000e-01 3.854673e-08
4.560000e-01 3.613129e-08
4.600000e-01 3.375098e-08
4.640000e-01 3.141033e-08
4.680000e-01 2.911347e-08
4.720000e-01 2.686417e-08
4.760000e-01 2.466584e-08
4.800000e-01 2.252154e-08
4.840000e-01 2.043401e-08
4.880000e-01 1.840566e-08
4.920000e-01 1.643861e-08
4.960000e-01 1.453470e-08
5.000000e-01 1.269547e-08
5.040000e-01 1.092222e-08
5.080000e-01 9.215990e-09
5.120000e-01 7.577589e-09
5.160000e-01 6.007602e-09
5.200000e-01 4.506399e-09
5.240000e-01 3.074153e-09
5.280000e-01 1.710850e-09
5.320000e-01 4.162970e-10
5.360000e-01 -8.098623e-10
5.400000e-01 -1.968140e-09
5.440000e-01 -3.059192e-09
5.480000e-01 -4.083809e-09
5.520000e-01 -5.042906e-09
5.560000e-01 -5.937511e-09
5.600000e-01 -6.768760e-09
5.640000e-01 -7.537883e-09
5.680000e-01 -8.246201e-09
5.720000e-01 -8.895114e-09
5.760000e-01 -9.486093e-09
5.800000e-01 -1.002067e-08
5.840000e-01 -1.050045e-08
5.880000e-01 -1.092706e-08
5.920000e-01 -1.130219e-08
5.960000e-01 -1.162756e-08
6.000000e-01 -1.190493e-08
6.040000e-01 -1.213608e-08
6.080000e-01 -1.232280e-08
6.120000e-01 -1.246690e-08
6.160000e-01 -1.257020e-08
6.200000e-01 -1.263452e-08
6.240000e-01 -1.266169e-08
6.280000e-01 -1.265353e-08
6.320000e-01 -1.261184e-08
6.360000e-01 -1.253842e-08
6.400000e-01 -1.243506e-08
6.440000e-01 -1.230351e-08
6.480000e-01 -1.214552e-08
6.520000e-01 -1.196280e-08
6.560000e-01 -1.175703e-08
6.600000e-01 -1.152988e-08
6.640000e-01 -1.128297e-08
6.680000e-01 -1.101788e-08
6.720000e-01 -1.073618e-08
6.760000e-01 -1.043938e-08
6.800000e-01 -1.012895e-08
6.840000e-01 -9.806334e-09
6.880000e-01 -9.472922e-09
6.920000e-01 -9.130065e-09
6.960000e-01 -8.779069e-09
7.000000e-01 -8.421198e-09
7.040000e-01 -8.057669e-09
7.080000e-01 -7.689653e-09
7.120000e-01 -7.318278e-09
7.160000e-01 -6.944619e-09
7.200000e-01 -6.569711e-09
7.240000e-01 -6.194544e-09
7.280000e-01 -5.820052e-09
7.320000e-01 -5.447133e-09
7.360000e-01 -5.076633e-09
7.400000e-01 -4.709357e-09
7.440000e-01 -4.346062e-09
7.480000e-01 -3.987458e-09
7.520000e-01 -3.634217e-09
7.560000e-01 -3.286963e-09
7.600000e-01 -2.946278e-09
7.640000e-01 -2.612704e-09
7.680000e-01 -2.286740e-09
7.720000e-01 -1.968844e-09
7.760000e-01 -1.659437e-09
7.800000e-01 -1.358898e-09
7.840000e-01 -1.067573e-09
7.880000e-01 -7.857660e-10
7.920000e-01 -5.137495e-10
7.960000e-01 -2.517597e-10
8.000000e-01 0.000000e+00
8.040000e-01 2.413596e-10
8.080000e-01 4.721789e-10
8.120000e-01 6.923494e-10
8.160000e-01 9.017904e-10
8.200000e-01 1.100451e-09
8.240000e-01 1.288304e-09
8.280000e-01 1.465351e-09
8.320000e-01 1.631617e-09
8.360000e-01 1.787150e-09
8.400000e-01 1.932020e-09
8.440000e-01 2.066320e-09
8.480000e-01 2.190160e-09
8.520000e-01 2.303673e-09
8.560000e-01 2.407005e-09
8.600000e-01 2.500323e-09
8.640000e-01 2.583806e-09
8.680000e-01 2.657653e-09
8.720000e-01 2.722071e-09
8.760000e-01 2.777280e-09
8.800000e-01 2.823516e-09
8.840000e-01 2.861022e-09
8.880000e-01 2.890051e-09
8.920000e-01 2.910866e-09
8.960000e-01 2.923737e-09
9.000000e-01 2.928942e-09
9.040000e-01 2.926761e-09
9.080000e-01 2.917484e-09
9.120000e-01 2.901404e-09
9.160000e-01 2.878816e-09
9.200000e-01 2.850019e-09
9.240000e-01 2.815316e-09
9.280000e-01 2.775009e-09
9.320000e-01 2.729398e-09
9.360000e-01 2.678789e-09
9.400000e-01 2.623484e-09
9.440000e-01 2.563784e-09
9.480000e-01 2.499989e-09
9.520000e-01 2.432397e-09
9.560000e-01 2.361301e-09
9.600000e-01 2.286992e-09
9.640000e-01 2.209758e-09
9.680000e-01 2.129882e-09
9.720000e-01 2.047642e-09
9.760000e-01 1.963311e-09
9.800000e-01 1.877157e-09
9.840000e-01 1.789441e-09
9.880000e-01 1.700420e-09
9.920000e-01 1.610343e-09
9.960000e-01 1.519453e-09
1.000000e+00 1.427984e-09
1.004000e+00 1.336167e-09
1.008000e+00 1.244222e-09
1.012000e+00 1.152362e-09
1.016000e+00 1.060794e-09
1.020000e+00 9.697166e-10
1.024000e+00 8.793193e-10
1.028000e+00 7.897833e-10
1.032000e+00 7.012837e-10
1.036000e+00 6.139855e-10
1.040000e+00 5.280466e-10
1.044000e+00 4.436160e-10
1.048000e+00 3.608345e-10
1.052000e+00 2.798346e-10
1.056000e+00 2.007411e-10
1.060000e+00 1.236697e-10
1.064000e+00 4.872802e-11
1.068000e+00 -2.398326e-11
1.072000e+00 -9.437373e-11
1.076000e+00 -1.623586e-10
1.080000e+00 -2.278622e-10
1.084000e+00 -2.908164e-10
1.088000e+00 -3.511607e-10
1.092000e+00 -4.088420e-10
1.096000e+00 -4.638144e-10
1.100000e+00 -5.160400e-10
1.104000e+00 -5.654865e-10
1.108000e+00 -6.121299e-10
1.112000e+00 -6.559515e-10
1.116000e+00 -6.969405e-10
1.120000e+00 -7.350915e-10
1.124000e+00 -7.704057e-10
1.128000e+00 -8.028899e-10
1.132000e+00 -8.325571e-10
1.136000e+00 -8.594253e-10
1.140000e+00 -8.835169e-10
1.144000e+00 -9.048630e-10
1.148000e+00 -9.234944e-10
1.152000e+00 -9.394512e-10
1.156000e+00 -9.527751e-10
1.160000e+00 -9.635130e-10
1.164000e+00 -9.717162e-10
1.168000e+00 -9.774386e-10
1.172000e+00 -9.807395e-10
1.176000e+00 -9.816784e-10
1.180000e+00 -9.803230e-10
1.184000e+00 -9.767375e-10
1.188000e+00 -9.709944e-10
1.192000e+00 -9.631661e-10
1.196000e+00 -9.533266e-10
1.200000e+00 -9.415526e-10
1.204000e+00 -9.279257e-10
1.208000e+00 -9.125232e-10
1.212000e+00 -8.954286e-10
1.216000e+00 -8.767232e-10
1.220000e+00 -8.564943e-10
1.224000e+00 -8.348235e-10
1.228000e+00 -8.117985e-10
1.232000e+00 -7.875045e-10
1.236000e+00 -7.620279e-10
1.240000e+00 -7.354548e-10
1.244000e+00 -7.078720e-10
1.248000e+00 -6.793648e-10
1.252000e+00 -6.500209e-10
1.256000e+00 -6.199227e-10
1.260000e+00 -5.891572e-10
1.264000e+00 -5.578062e-10
1.268000e+00 -5.259537e-10
1.272000e+00 -4.936794e-10
1.276000e+00 -4.610659e-10
1.280000e+00 -4.281902e-10
1.284000e+00 -3.951319e-10
1.288000e+00 -3.619647e-10
1.292000e+00 -3.287636e-10
1.296000e+00 -2.956010e-10
1.300000e+00 -2.625481e-10
1.304000e+00 -2.296715e-10
1.308000e+00 -1.970404e-10
1.312000e+00 -1.647164e-10
1.316000e+00 -1.327649e-10
1.320000e+00 -1.012420e-10
1.324000e+00 -7.020806e-11
1.328000e+00 -3.971767e-11
1.332000e+00 -9.823253e-12
1.336000e+00 1.942480e-11
1.340000e+00 4.797851e-11
1.344000e+00 7.579226e-11
1.348000e+00 1.028241e-10
1.352000e+00 1.290336e-10
1.356000e+00 1.543820e-10
1.360000e+00 1.788358e-10
1.364000e+00 2.023617e-10
1.368000e+00 2.249304e-10
1.372000e+00 2.465145e-10
1.376000e+00 2.670890e-10
1.380000e+00 2.866324e-10
1.384000e+00 3.051256e-10
1.388000e+00 3.225503e-10
1.392000e+00 3.388931e-10
1.396000e+00 3.541418e-10
1.400000e+00 3.682878e-10
1.404000e+00 3.813223e-10
1.408000e+00 3.932419e-10
1.412000e+00 4.040434e-10
1.416000e+00 4.137281e-10
1.420000e+00 4.222964e-10
1.424000e+00 4.297547e-10
1.428000e+00 4.361070e-10
1.432000e+00 4.413645e-10
1.436000e+00 4.455365e-10
1.440000e+00 4.486347e-10
1.444000e+00 4.506748e-10
1.448000e+00 4.516733e-10
1.452000e+00 4.516466e-10
1.456000e+00 4.506157e-10
1.460000e+00 4.486018e-10
1.464000e+00 4.456273e-10
1.468000e+00 4.417169e-10
1.472000e+00 4.368964e-10
1.476000e+00 4.311917e-10
1.480000e+00 4.246336e-10
1.484000e+00 4.172485e-10
1.488000e+00 4.090690e-10
1.492000e+00 4.001255e-10
1.496000e+00 3.904516e-10
1.500000e+00 3.800802e-10
1.504000e+00 3.690445e-10
1.508000e+00 3.573801e-10
1.512000e+00 3.451227e-10
1.516000e+00 3.323081e-10
1.520000e+00 3.189715e-10
1.524000e+00 3.051513e-10
1.528000e+00 2.908851e-10
1.532000e+00 2.762087e-10
1.536000e+00 2.611600e-10
1.540000e+00 2.457766e-10
1.544000e+00 2.300972e-10
1.548000e+00 2.141584e-10
1.552000e+00 1.979980e-10
1.556000e+00 1.816530e-10
1.560000e+00 1.651614e-10
1.564000e+00 1.485585e-10
1.568000e+00 1.318826e-10
1.572000e+00 1.151682e-10
1.576000e+00 9.845147e-11
1.580000e+00 8.176626e-11
1.584000e+00 6.514778e-11
1.588000e+00 4.862888e-11
1.592000e+00 3.224410e-11
1.596000e+00 1.602329e-11
1.600000e+00 0.000000e+00
1.604000e+00 -1.579614e-11
1.608000e+00 -3.133682e-11
1.612000e+00 -4.659162e-11
1.616000e+00 -6.153356e-11
1.620000e+00 -7.613643e-11
1.624000e+00 -9.037404e-11
1.628000e+00 -1.042223e-10
1.632000e+00 -1.176574e-10
1.636000e+00 -1.306569e-10
1.640000e+00 -1.432009e-10
1.644000e+00 -1.552687e-10
1.648000e+00 -1.668408e-10
1.652000e+00 -1.779007e-10
1.656000e+00 -1.884325e-10
1.660000e+00 -1.984194e-10
1.664000e+00 -2.078498e-10
1.668000e+00 -2.167100e-10
1.672000e+00 -2.249891e-10
1.676000e+00 -2.326769e-10
1.680000e+00 -2.397652e-10
1.684000e+00 -2.462465e-10
1.688000e+00 -2.521148e-10
1.692000e+00 -2.573645e-10
1.696000e+00 -2.619932e-10
1.700000e+00 -2.659976e-10
1.704000e+00 -2.693774e-10
1.708000e+00 -2.721321e-10
1.712000e+00 -2.742643e-10
1.716000e+00 -2.757747e-10
1.720000e+00 -2.766690e-10
1.724000e+00 -2.769496e-10
1.728000e+00 -2.766262e-10
1.732000e+00 -2.757026e-10
1.736000e+00 -2.741888e-10
1.740000e+00 -2.720938e-10
1.744000e+00 -2.694277e-10
1.748000e+00 -2.662016e-10
1.752000e+00 -2.624290e-10
1.756000e+00 -2.581210e-10
1.760000e+00 -2.532938e-10
1.764000e+00 -2.479612e-10
1.768000e+00 -2.421408e-10
1.772000e+00 -2.358465e-10
1.776000e+00 -2.290980e-10
1.780000e+00 -2.219123e-10
1.784000e+00 -2.143083e-10
1.788000e+00 -2.063054e-10
1.792000e+00 -1.979246e-10
1.796000e+00 -1.891847e-10
1.800000e+00 -1.801090e-10
1.804000e+00 -1.707161e-10
1.808000e+00 -1.610303e-10
1.812000e+00 -1.510734e-10
1.816000e+00 -1.408684e-10
1.820000e+00 -1.304368e-10
1.824000e+00 -1.198048e-10
1.828000e+00 -1.089919e-10
1.832000e+00 -9.802470e-11
1.836000e+00 -8.692469e-11
1.840000e+00 -7.571876e-11
1.844000e+00 -6.442735e-11
1.848000e+00 -5.307621e-11
1.852000e+00 -4.168821e-11
1.856000e+00 -3.028777e-11
1.860000e+00 -1.889688e-11
1.864000e+00 -7.540857e-12
1.868000e+00 3.758993e-12
1.872000e+00 1.497891e-11
1.876000e+00 2.609690e-11
1.880000e+00 3.709011e-11
1.884000e+00 4.793788e-11
1.888000e+00 5.861778e-11
1.892000e+00 6.910894e-11
1.896000e+00 7.939205e-11
1.900000e+00 8.944667e-11
1.904000e+00 9.925238e-11
1.908000e+00 1.087923e-10
1.912000e+00 1.180469e-10
1.916000e+00 1.270004e-10
1.920000e+00 1.356339e-10
1.924000e+00 1.439329e-10
1.928000e+00 1.518812e-10
1.932000e+00 1.594640e-10
1.936000e+00 1.666680e-10
1.940000e+00 1.734815e-10
1.944000e+00 1.798890e-10
1.948000e+00 1.858822e-10
1.952000e+00 1.914497e-10
1.956000e+00 1.965810e-10
1.960000e+00 2.012668e-10
1.964000e+00 2.055014e-10
1.968000e+00 2.092768e-10
1.972000e+00 2.125862e-10
1.976000e+00 2.154257e-10
1.980000e+00 2.177898e-10
1.984000e+00 2.196754e-10
1.988000e+00 2.210814e-10
1.992000e+00 2.220051e-10
1.996000e+00 2.224468e-10
2.000000e+00 2.224066e-10
2.004000e+00 2.218851e-10
2.008000e+00 2.208851e-10
2.012000e+00 2.194113e-10
2.016000e+00 2.174652e-10
2.020000e+00 2.150538e-10
2.024000e+00 2.121819e-10
2.028000e+00 2.088570e-10
2.032000e+00 2.050863e-10
2.036000e+00 2.008783e-10
2.040000e+00 1.962418e-10
2.044000e+00 1.911881e-10
2.048000e+00 1.857277e-10
2.052000e+00 1.798718e-10
2.056000e+00 1.736329e-10
2.060000e+00 1.670244e-10
2.064000e+00 1.600602e-10
2.068000e+00 1.527548e-10
2.072000e+00 1.451230e-10
2.076000e+00 1.371807e-10
2.080000e+00 1.289450e-10
2.084000e+00 1.204316e-10
2.088000e+00 1.116589e-10
2.092000e+00 1.026449e-10
2.096000e+00 9.340706e-11
2.100000e+00 8.396595e-11
2.104000e+00 7.433898e-11
2.108000e+00 6.454726e-11
2.112000e+00 5.460910e-11
2.116000e+00 4.454725e-11
2.120000e+00 3.437939e-11
2.124000e+00 2.412837e-11
2.128000e+00 1.381406e-11
2.132000e+00 3.458012e-12
2.136000e+00 -6.919798e-12
2.140000e+00 -1.729594e-11
2.144000e+00 -2.765110e-11
2.148000e+00 -3.796330e-11
2.152000e+00 -4.821044e-11
2.156000e+00 -5.837353e-11
2.160000e+00 -6.843015e-11
2.164000e+00 -7.835943e-11
2.168000e+00 -8.814038e-11
2.172000e+00 -9.775447e-11
2.176000e+00 -1.071797e-10
2.180000e+00 -1.163968e-10
2.184000e+00 -1.253857e-10
2.188000e+00 -1.341292e-10
2.192000e+00 -1.426067e-10
2.196000e+00 -1.508013e-10
2.200000e+00 -1.586939e-10
2.204000e+00 -1.662688e-10
2.208000e+00 -1.735083e-10
2.212000e+00 -1.803967e-10
2.216000e+00 -1.869191e-10
2.220000e+00 -1.930602e-10
2.224000e+00 -1.988062e-10
2.228000e+00 -2.041427e-10
2.232000e+00 -2.090587e-10
2.236000e+00 -2.135404e-10
2.240000e+00 -2.175784e-10
2.244000e+00 -2.211624e-10
2.248000e+00 -2.242811e-10
2.252000e+00 -2.269284e-10
2.256000e+00 -2.290943e-10
2.260000e+00 -2.307733e-10
2.264000e+00 -2.319588e-10
2.268000e+00 -2.326465e-10
2.272000e+00 -2.328322e-10
2.276000e+00 -2.325117e-10
2.280000e+00 -2.316842e-10
2.284000e+00 -2.303482e-10
2.288000e+00 -2.285028e-10
2.292000e+00 -2.261492e-10
2.296000e+00 -2.232897e-10
2.300000e+00 -2.199262e-10
2.304000e+00 -2.160634e-10
2.308000e+00 -2.117052e-10
2.312000e+00 -2.068578e-10
2.316000e+00 -2.015277e-10
2.320000e+00 -1.957227e-10
2.324000e+00 -1.894521e-10
2.328000e+00 -1.827243e-10
2.332000e+00 -1.755512e-10
2.336000e+00 -1.679441e-10
2.340000e+00 -1.599149e-10
2.344000e+00 -1.514774e-10
2.348000e+00 -1.426455e-10
2.352000e+00 -1.334354e-10
2.356000e+00 -1.238626e-10
2.360000e+00 -1.139441e-10
2.364000e+00 -1.036968e-10
2.368000e+00 -9.314027e-11
2.372000e+00 -8.229328e-11
2.376000e+00 -7.117662e-11
2.380000e+00 -5.980971e-11
2.384000e+00 -4.821488e-11
2.388000e+00 -3.641298e-11
2.392000e+00 -2.442802e-11
2.396000e+00 -1.228218e-11
2.400000e+00 0.000000e+00
2.404000e+00 1.239486e-11
2.408000e+00 2.487810e-11
2.412000e+00 3.742373e-11
2.416000e+00 5.000722e-11
2.420000e+00 6.260203e-11
2.424000e+00 7.518264e-11
2.428000e+00 8.772216e-11
2.432000e+00 1.001955e-10
2.436000e+00 1.125743e-10
2.440000e+00 1.248329e-10
2.444000e+00 1.369440e-10
2.448000e+00 1.488817e-10
2.452000e+00 1.606179e-10
2.456000e+00 1.721266e-10
2.460000e+00 1.833820e-10
2.464000e+00 1.943569e-10
2.468000e+00 2.050258e-10
2.472000e+00 2.153621e-10
2.476000e+00 2.253414e-10
2.480000e+00 2.349371e-10
2.484000e+00 2.441272e-10
2.488000e+00 2.528858e-10
2.492000e+00 2.611892e-10
2.496000e+00 2.690163e-10
2.500000e+00 2.763428e-10
2.504000e+00 2.831478e-10
2.508000e+00 2.894114e-10
2.512000e+00 2.951125e-10
2.516000e+00 3.002326e-10
2.520000e+00 3.047530e-10
2.524000e+00 3.086568e-10
2.528000e+00 3.119273e-10
2.532000e+00 3.145499e-10
2.536000e+00 3.165092e-10
2.540000e+00 3.177931e-10
2.544000e+00 3.183889e-10
2.548000e+00 3.182864e-10
2.552000e+00 3.174759e-10
2.556000e+00 3.159487e-10
2.560000e+00 3.136982e-10
2.564000e+00 3.107191e-10
2.568000e+00 3.070066e-10
2.572000e+00 3.025576e-10
2.576000e+00 2.973717e-10
2.580000e+00 2.914474e-10
2.584000e+00 2.847872e-10
2.588000e+00 2.773936e-10
2.592000e+00 2.692706e-10
2.596000e+00 2.604252e-10
2.600000e+00 2.508638e-10
2.604000e+00 2.405965e-10
2.608000e+00 2.296328e-10
2.612000e+00 2.179857e-10
2.616000e+00 2.056679e-10
2.620000e+00 1.926954e-10
2.624000e+00 1.790852e-10
2.628000e+00 1.648554e-10
2.632000e+00 1.500252e-10
2.636000e+00 1.346170e-10
2.640000e+00 1.186533e-10
2.644000e+00 1.021591e-10
2.648000e+00 8.515999e-11
2.652000e+00 6.768297e-11
2.656000e+00 4.975809e-11
2.660000e+00 3.141520e-11
2.664000e+00 1.268463e-11
2.668000e+00 -6.398548e-12
2.672000e+00 -2.580114e-11
2.676000e+00 -4.548661e-11
2.680000e+00 -6.541889e-11
2.684000e+00 -8.556023e-11
2.688000e+00 -1.058699e-10
2.692000e+00 -1.263095e-10
2.696000e+00 -1.468362e-10
2.700000e+00 -1.674090e-10
2.704000e+00 -1.879839e-10
2.708000e+00 -2.085171e-10
2.712000e+00 -2.289634e-10
2.716000e+00 -2.492785e-10
2.720000e+00 -2.694150e-10
2.724000e+00 -2.893265e-10
2.728000e+00 -3.089657e-10
2.732000e+00 -3.282851e-10
2.736000e+00 -3.472370e-10
2.740000e+00 -3.657729e-10
2.744000e+00 -3.838442e-10
2.748000e+00 -4.014027e-10
2.752000e+00 -4.184004e-10
2.756000e+00 -4.347894e-10
2.760000e+00 -4.505193e-10
2.764000e+00 -4.655454e-10
2.768000e+00 -4.798179e-10
2.772000e+00 -4.932914e-10
2.776000e+00 -5.059191e-10
2.780000e+00 -5.176555e-10
2.784000e+00 -5.284554e-10
2.788000e+00 -5.382761e-10
2.792000e+00 -5.470738e-10
2.796000e+00 -5.548070e-10
2.800000e+00 -5.614353e-10
2.804000e+00 -5.669206e-10
2.808000e+00 -5.712237e-10
2.812000e+00 -5.743087e-10
2.816000e+00 -5.761417e-10
2.820000e+00 -5.766901e-10
2.824000e+00 -5.759221e-10
2.828000e+00 -5.738102e-10
2.832000e+00 -5.703267e-10
2.836000e+00 -5.654474e-10
2.840000e+00 -5.591499e-10
2.844000e+00 -5.514144e-10
2.848000e+00 -5.422227e-10
2.852000e+00 -5.315607e-10
2.856000e+00 -5.194162e-10
2.860000e+00 -5.057794e-10
2.864000e+00 -4.906440e-10
2.868000e+00 -4.740062e-10
2.872000e+00 -4.558655e-10
2.876000e+00 -4.362246e-10
2.880000e+00 -4.150882e-10
2.884000e+00 -3.924666e-10
2.888000e+00 -3.683712e-10
2.892000e+00 -3.428178e-10
2.896000e+00 -3.158256e-10
2.900000e+00 -2.874170e-10
2.904000e+00 -2.576184e-10
2.908000e+00 -2.264591e-10
2.912000e+00 -1.939731e-10
2.916000e+00 -1.601973e-10
2.920000e+00 -1.251723e-10
2.924000e+00 -8.894246e-11
2.928000e+00 -5.155631e-11
2.932000e+00 -1.306599e-11
2.936000e+00 2.647266e-11
2.940000e+00 6.700057e-11
2.944000e+00 1.084537e-10
2.948000e+00 1.507660e-10
2.952000e+00 1.938655e-10
2.956000e+00 2.376785e-10
2.960000e+00 2.821267e-10
2.964000e+00 3.271288e-10
2.968000e+00 3.725985e-10
2.972000e+00 4.184479e-10
2.976000e+00 4.645849e-10
2.980000e+00 5.109135e-10
2.984000e+00 5.573351e-10
2.988000e+00 6.037484e-10
2.992000e+00 6.500476e-10
2.996000e+00 6.961260e-10
3.000000e+00 7.418721e-10
3.004000e+00 7.871729e-10
3.008000e+00 8.319120e-10
3.012000e+00 8.759725e-10
3.016000e+00 9.192335e-10
3.020000e+00 9.615719e-10
3.024000e+00 1.002864e-09
3.028000e+00 1.042983e-09
3.032000e+00 1.081803e-09
3.036000e+00 1.119195e-09
3.040000e+00 1.155028e-09
3.044000e+00 1.189174e-09
3.048000e+00 1.221499e-09
3.052000e+00 1.251873e-09
3.056000e+00 1.280165e-09
3.060000e+00 1.306243e-09
3.064000e+00 1.329977e-09
3.068000e+00 1.351236e-09
3.072000e+00 1.369891e-09
3.076000e+00 1.385815e-09
3.080000e+00 1.398882e-09
3.084000e+00 1.408967e-09
3.088000e+00 1.415949e-09
3.092000e+00 1.419709e-09
3.096000e+00 1.420130e-09
3.100000e+00 1.417099e-09
3.104000e+00 1.410507e-09
3.108000e+00 1.400249e-09
3.112000e+00 1.386224e-09
3.116000e+00 1.368336e-09
3.120000e+00 1.346493e-09
3.124000e+00 1.320609e-09
3.128000e+00 1.290606e-09
3.132000e+00 1.256409e-09
3.136000e+00 1.217951e-09
3.140000e+00 1.175172e-09
3.144000e+00 1.128020e-09
3.148000e+00 1.076449e-09
3.152000e+00 1.020422e-09
3.156000e+00 9.599127e-10
3.160000e+00 8.949000e-10
3.164000e+00 8.253749e-10
3.168000e+00 7.513361e-10
3.172000e+00 6.727946e-10
3.176000e+00 5.897693e-10
3.180000e+00 5.022917e-10
3.184000e+00 4.104039e-10
3.188000e+00 3.141591e-10
3.192000e+00 2.136232e-10
3.196000e+00 1.088735e-10
3.200000e+00 0.000000e+00
3.204000e+00 -1.128943e-10
3.208000e+00 -2.296934e-10
3.212000e+00 -3.502680e-10
3.216000e+00 -4.744746e-10
3.220000e+00 -6.021569e-10
3.224000e+00 -7.331428e-10
3.228000e+00 -8.672480e-10
3.232000e+00 -1.004271e-09
3.236000e+00 -1.143999e-09
3.240000e+00 -1.286199e-09
3.244000e+00 -1.430630e-09
3.248000e+00 -1.577028e-09
3.252000e+00 -1.725120e-09
3.256000e+00 -1.874615e-09
3.260000e+00 -2.025207e-09
3.264000e+00 -2.176573e-09
3.268000e+00 -2.328379e-09
3.272000e+00 -2.480270e-09
3.276000e+00 -2.631883e-09
3.280000e+00 -2.782831e-09
3.284000e+00 -2.932721e-09
3.288000e+00 -3.081138e-09
3.292000e+00 -3.227657e-09
3.296000e+00 -3.371838e-09
3.300000e+00 -3.513226e-09
3.304000e+00 -3.651354e-09
3.308000e+00 -3.785740e-09
3.312000e+00 -3.915892e-09
3.316000e+00 -4.041305e-09
3.320000e+00 -4.161462e-09
3.324000e+00 -4.275833e-09
3.328000e+00 -4.383879e-09
3.332000e+00 -4.485058e-09
3.336000e+00 -4.578809e-09
3.340000e+00 -4.664570e-09
3.344000e+00 -4.741766e-09
3.348000e+00 -4.809822e-09
3.352000e+00 -4.868155e-09
3.356000e+00 -4.916179e-09
3.360000e+00 -4.953304e-09
3.364000e+00 -4.978936e-09
3.368000e+00 -4.992485e-09
3.372000e+00 -4.993359e-09
3.376000e+00 -4.980969e-09
3.380000e+00 -4.954729e-09
3.384000e+00 -4.914060e-09
3.388000e+00 -4.858386e-09
3.392000e+00 -4.787141e-09
3.396000e+00 -4.699771e-09
3.400000e+00 -4.595732e-09
3.404000e+00 -4.474494e-09
3.408000e+00 -4.335539e-09
3.412000e+00 -4.178373e-09
3.416000e+00 -4.002518e-09
3.420000e+00 -3.807518e-09
3.424000e+00 -3.592941e-09
3.428000e+00 -3.358378e-09
3.432000e+00 -3.103455e-09
3.436000e+00 -2.827823e-09
3.440000e+00 -2.531169e-09
3.444000e+00 -2.213215e-09
3.448000e+00 -1.873722e-09
3.452000e+00 -1.512491e-09
3.456000e+00 -1.129367e-09
3.460000e+00 -7.242407e-10
3.464000e+00 -2.970539e-10
3.468000e+00 1.522023e-10
3.472000e+00 6.234794e-10
3.476000e+00 1.116672e-09
3.480000e+00 1.631616e-09
3.484000e+00 2.168080e-09
3.488000e+00 2.725768e-09
3.492000e+00 3.304311e-09
3.496000e+00 3.903274e-09
3.500000e+00 4.522136e-09
3.504000e+00 5.160305e-09
3.508000e+00 5.817102e-09
3.512000e+00 6.491765e-09
3.516000e+00 7.183445e-09
3.520000e+00 7.891188e-09
3.524000e+00 8.613971e-09
3.528000e+00 9.350639e-09
3.532000e+00 1.009997e-08
3.536000e+00 1.086062e-08
3.540000e+00 1.163113e-08
3.544000e+00 1.240995e-08
3.548000e+00 1.319541e-08
3.552000e+00 1.398571e-08
3.556000e+00 1.477896e-08
3.560000e+00 1.557312e-08
3.564000e+00 1.636606e-08
3.568000e+00 1.715549e-08
3.572000e+00 1.793902e-08
3.576000e+00 1.871410e-08
3.580000e+00 1.947809e-08
3.584000e+00 2.022818e-08
3.588000e+00 2.096145e-08
3.592000e+00 2.167482e-08
3.596000e+00 2.236510e-08
3.600000e+00 2.302895e-08
3.604000e+00 2.366290e-08
3.608000e+00 2.426332e-08
3.612000e+00 2.482648e-08
3.616000e+00 2.534848e-08
3.620000e+00 2.582530e-08
3.624000e+00 2.625277e-08
3.628000e+00 2.662663e-08
3.632000e+00 2.694242e-08
3.636000e+00 2.719562e-08
3.640000e+00 2.738156e-08
3.644000e+00 2.749544e-08
3.648000e+00 2.753234e-08
3.652000e+00 2.748726e-08
3.656000e+00 2.735506e-08
3.660000e+00 2.713052e-08
3.664000e+00 2.680831e-08
3.668000e+00 2.638303e-08
3.672000e+00 2.584922e-08
3.676000e+00 2.520131e-08
3.680000e+00 2.443369e-08
3.684000e+00 2.354073e-08
3.688000e+00 2.251672e-08
3.692000e+00 2.135599e-08
3.696000e+00 2.005279e-08
3.700000e+00 1.860142e-08
3.704000e+00 1.699621e-08
3.708000e+00 1.523151e-08
3.712000e+00 1.330175e-08
3.716000e+00 1.120141e-08
3.720000e+00 8.925107e-09
3.724000e+00 6.467565e-09
3.728000e+00 3.823651e-09
3.732000e+00 9.884193e-10
3.736000e+00 -2.042881e-09
3.740000e+00 -5.274768e-09
3.744000e+00 -8.711499e-09
3.748000e+00 -1.235703e-08
3.752000e+00 -1.621500e-08
3.756000e+00 -2.028868e-08
3.760000e+00 -2.458091e-08
3.764000e+00 -2.909411e-08
3.768000e+00 -3.383023e-08
3.772000e+00 -3.879064e-08
3.776000e+00 -4.397614e-08
3.780000e+00 -4.938691e-08
3.784000e+00 -5.502246e-08
3.788000e+00 -6.088154e-08
3.792000e+00 -6.696205e-08
3.796000e+00 -7.326110e-08
3.800000e+00 -7.977490e-08
3.804000e+00 -8.649856e-08
3.808000e+00 -9.342620e-08
3.812000e+00 -1.005507e-07
3.816000e+00 -1.078640e-07
3.820000e+00 -1.153564e-07
3.824000e+00 -1.230170e-07
3.828000e+00 -1.308333e-07
3.832000e+00 -1.387915e-07
3.836000e+00 -1.468759e-07
3.840000e+00 -1.550690e-07
3.844000e+00 -1.633517e-07
3.848000e+00 -1.717025e-07
3.852000e+00 -1.800983e-07
3.856000e+00 -1.885134e-07
3.860000e+00 -1.969200e-07
3.864000e+00 -2.052876e-07
3.868000e+00 -2.135832e-07
3.872000e+00 -2.217713e-07
3.876000e+00 -2.298128e-07
3.880000e+00 -2.376665e-07
3.884000e+00 -2.452873e-07
3.888000e+00 -2.526269e-07
3.892000e+00 -2.596334e-07
3.896000e+00 -2.662515e-07
3.900000e+00 -2.724213e-07
3.904000e+00 -2.780799e-07
3.908000e+00 -2.831586e-07
3.912000e+00 -2.875855e-07
3.916000e+00 -2.912834e-07
3.920000e+00 -2.941701e-07
3.924000e+00 -2.961583e-07
3.928000e+00 -2.971553e-07
3.932000e+00 -2.970626e-07
3.936000e+00 -2.957759e-07
3.940000e+00 -2.931846e-07
3.944000e+00 -2.891717e-07
3.948000e+00 -2.836131e-07
3.952000e+00 -2.763780e-07
3.956000e+00 -2.673281e-07
3.960000e+00 -2.563172e-07
3.964000e+00 -2.431911e-07
3.968000e+00 -2.277877e-07
3.972000e+00 -2.099352e-07
3.976000e+00 -1.894535e-07
3.980000e+00 -1.661527e-07
3.984000e+00 -1.398330e-07
3.988000e+00 -1.102843e-07
3.992000e+00 -7.728584e-08
3.996000e+00 -4.060558e-08
4.000000e+00 0.000000e+00
